
62 287 97 332
97 332 113 342
113 342 131 341
131 341 138 332
138 332 151 319
151 319 164 304
164 304 182 287
182 287 199 271
199 271 219 259
219 259 248 262
248 262 277 262
277 262 307 267
307 267 334 269
334 269 369 275
369 275 387 276
387 276 408 276
408 276 438 275
438 275 455 268
455 268 472 256
472 256 484 238
484 238 487 214
487 214 476 189
476 189 475 173
475 173 481 160
481 160 483 146
483 146 482 127
482 127 480 106
480 106 475 87
475 87 471 68
471 68 454 67
454 67 460 96
460 96 460 110
460 110 459 143
459 143 448 165
448 165 413 181
413 181 402 176
402 176 387 168
387 168 377 163
377 163 350 154
350 154 312 157
312 157 285 159
285 159 253 164
253 164 248 138
248 138 244 117
244 117 243 99
243 99 243 82
243 82 244 78
244 78 226 76
226 76 230 113
230 113 234 138
234 138 237 163
237 163 237 186
237 170 188 170
188 170 162 200
162 200 135 237
135 237 123 259
123 259 112 285
112 285 87 268
87 268 64 256
64 256 51 270
51 270 56 283
64 288 63 289
54 288 54 288
